		 Tabla vectores (u,v) viento (F=300 )
		 --------------------------------------- 

      0900W    0850W    0800W    0750W    0700W    0650W
300N  (29.0,-80.0) (19.0,34.0) (9.0,53.0) (16.0,9.0) (16.0,-43.0) (27.0,-33.0)
250N  (0.0,-89.0) (0.0,50.0) (10.0,56.0) (-2.0,3.0) (0.0,-39.0) (0.0,-39.0)
200N  (0.0,-76.0) (18.0,50.0) (0.0,43.0) (-14.0,-12.0) (-19.0,-34.0) (-9.0,-26.0)
150N  (10.0,-56.0) (14.0,24.0) (-5.0,14.0) (-27.0,-16.0) (-25.0,-30.0) (-11.0,-19.0)

      1000W    0950W    0900W    0850W    0800W    0750W    0700W
100N  (-35.0,-6.0) (-37.0,-21.0) (-9.0,-16.0) (2.0,11.0) (-17.0,-14.0) (-20.0,-24.0) (0.0,-18.0)
050N  (-10.0,11.0) (-7.0,0.0) (-3.0,-7.0) (-15.0,-3.0) (-10.0,-4.0) (11.0,-10.0) (22.0,-4.0)
000N  (-22.0,0.0) (-24.0,-14.0) (-30.0,-18.0) (-20.0,-17.0) (-22.0,-13.0) (-9.0,-7.0) (-6.0,5.0)

      0600W    0550W    0500W    0450W    0400W    0350W
050S  (10.0,4.0) (11.0,10.0) (11.0,10.0) (-11.0,0.0) (-14.0,-17.0) (-20.0,-17.0)
100S  (43.0,16.0) (43.0,16.0) (42.0,-7.0) (30.0,-35.0) (30.0,-35.0) (23.0,-40.0)
150S  (62.0,36.0) (80.0,14.0) (85.0,0.0) (83.0,-48.0) (68.0,-57.0) (62.0,-52.0)
200S  (84.0,15.0) (71.0,13.0) (67.0,12.0) (73.0,-27.0) (108.0,-39.0) (124.0,-22.0)
250S  (76.0,0.0) (61.0,22.0) (47.0,-17.0) (38.0,-7.0) (65.0,0.0) (84.0,15.0)

      1200W    1150W    1100W    1050W    1000W    0950W
300N  (44.0,77.0) (50.0,60.0) (68.0,57.0) (62.0,36.0) (61.0,0.0) (52.0,-44.0)
250N  (50.0,87.0) (44.0,77.0) (42.0,50.0) (27.0,16.0) (26.0,-4.0) (11.0,-60.0)
200N  (55.0,46.0) (44.0,52.0) (18.0,21.0) (7.0,3.0) (-8.0,-21.0) (-20.0,-54.0)
150N  (34.0,59.0) (14.0,24.0) (-2.0,11.0) (-33.0,-12.0) (-37.0,-13.0) (-25.0,-43.0)

      0650W    0600W    0550W    0500W    0450W    0400W
100N  (33.0,12.0) (34.0,41.0) (18.0,50.0) (0.0,26.0) (4.0,26.0) (-12.0,14.0)
050N  (27.0,23.0) (11.0,19.0) (-8.0,21.0) (-18.0,30.0) (-12.0,33.0) (-27.0,23.0)
000N  (7.0,13.0) (-11.0,0.0) (-19.0,11.0) (-26.0,9.0) (-14.0,5.0) (-20.0,17.0)

      0850W    0800W    0750W    0700W    0650W
050S  (-9.0,-26.0) (-10.0,-11.0) (-13.0,-7.0) (0.0,7.0) (18.0,3.0)
100S  (0.0,-35.0) (-8.0,-21.0) (10.0,-4.0) (11.0,10.0) (23.0,27.0)
150S  (43.0,-16.0) (43.0,-16.0) (49.0,-9.0) (59.0,34.0) (60.0,50.0)
200S  (122.0,0.0) (117.0,21.0) (115.0,42.0) (111.0,40.0) (90.0,33.0)
250S  (104.0,0.0) (117.0,21.0) (108.0,39.0) (107.0,0.0) (78.0,0.0)

      1300W    1250W    1200W    1150W    1100W    1050W
450N  (5.0,-6.0) (37.0,44.0) (39.0,67.0) (69.0,120.0) (39.0,67.0) (42.0,7.0)
400N  (60.0,-165.0) (43.0,0.0) (43.0,74.0) (49.0,58.0) (40.0,23.0) (20.0,17.0)
350N  (37.0,-101.0) (47.0,-39.0) (64.0,77.0) (74.0,43.0) (73.0,27.0) (115.0,42.0)
